(81841,33,6428,5125,6897,6846,6714,6863,6004,6890,5062,6200,6790,6695,6809,5685,5832,6831,5637)
(46419,35,5634,6677,6762,6940,5062,6200,6790,6695,6809,6966,6376,5850)
(103954,90,5421,6798,6629,5235,6003,6917,6648,5993,6809,5749,6771,5674,5978,5324,6803,6872,5443)
(68468,20,6648,5993,6809,5749,6771,6817,6369,5260,6631,6894,6005,6498,5262,5511)
(49125,48,6695,6790,6200,6367,6830,6189,6483,5994,5848,6897,5125)
(80630,1,6511,6897,6846,6714,6863,6004,6890,5062,6200,6790,6695,6809,6966,6376,5850,5929,6356)
(87002,50,6376,6346,5749,6695,6790,6200,6367,6830,6189,6483,5994,6060,5150)
(46971,89,5462,6621,5202,5266,6432,6004,6863,5347,5848,6897,6511,6275)
(21932,51,6483,6189,6940,5062,6200,6790,6695,5749,6346)
(63484,56,6790,6200,6367,6830,6189,6483,5994,6060,5150,5816,5356)
(61838,72,5703,6091,6128,5836,5998,6551,6830,6762,6677,5634,5683,6849,5028,5356,5023)
